   data:         filter:       pad:   stride:
1: 1,3,224,224   64,7,7      3      2

2: 1,64,56,56    64,1,1     0      1
3: 1,64,56,56    64,3,3     1      1
4: 1,64,56,56    256,1,1    0      1     x3
...
11: 1,256,56,56  128,1,1   0      2
12: 1,128,28,28  128,3,3   1      1
13: 1,128,28,28  512,1,1   0      1      x4
...
23: 1,512,28,28  256,1,1   0      2
24: 1,256,14,14  256,3,3   1      1
25: 1,256,14,14  1024,1,1  0      1      x6
...
41: 1,1024,14,14  512,1,1 0      2
42: 1,512,7,7    512,3,3   1      1
43: 1,512,7,7    2048,1,1  0      1      x3
...

